
                       [38;5;16m▄[48;5;16;38;5;232m▄[48;5;16m▄[49;38;5;16m▄[39m                     [00m
                     [38;5;16m▄[48;5;16;38;5;232m▄[48;5;232;38;5;52m▄[48;5;52;38;5;88m▄[48;5;52m▄[48;5;232;38;5;52m▄[48;5;16;38;5;232m▄[49;38;5;16m▄[39m                   [00m
                   [38;5;16m▄[48;5;16;38;5;232m▄[48;5;232;38;5;52m▄[48;5;52;38;5;88m▄[48;5;88;38;5;88m▄[48;5;88m██[48;5;88m▄[48;5;52;38;5;88m▄[48;5;232;38;5;52m▄[48;5;16;38;5;232m▄[49;38;5;16m▄[39m                 [00m
                 [38;5;16m▄[48;5;16;38;5;232m▄[48;5;232;38;5;52m▄[48;5;52;38;5;88m▄[48;5;88;38;5;88m▄[48;5;88m██████[48;5;88m▄[48;5;52;38;5;88m▄[48;5;232;38;5;52m▄[48;5;16;38;5;232m▄[49;38;5;16m▄[39m               [00m
               [38;5;16m▄[48;5;16;38;5;232m▄[48;5;232;38;5;52m▄[48;5;52;38;5;88m▄[48;5;88;38;5;88m▄[48;5;88m███[38;5;52m▄[48;5;52;38;5;52m▄[48;5;52m▄[48;5;88;38;5;52m▄[38;5;88m███[48;5;88m▄[48;5;52;38;5;88m▄[48;5;232;38;5;52m▄[48;5;16;38;5;232m▄[49;38;5;16m▄[39m             [00m
             [38;5;16m▄[48;5;16;38;5;232m▄[48;5;232;38;5;52m▄[48;5;52;38;5;88m▄[48;5;88;38;5;88m▄[48;5;88m███[38;5;52m▄[48;5;52;38;5;52m▄[48;5;52;38;5;52m▄[48;5;52;38;5;88m▄[48;5;52m▄[48;5;52;38;5;52m▄[48;5;52;38;5;52m▄[48;5;88;38;5;52m▄[38;5;88m███[48;5;88m▄[48;5;52;38;5;88m▄[48;5;232;38;5;52m▄[48;5;16;38;5;232m▄[49;38;5;16m▄[39m           [00m
           [38;5;16m▄[48;5;16;38;5;232m▄[48;5;232;38;5;52m▄[48;5;52;38;5;88m▄[48;5;88;38;5;88m▄[48;5;88m███[38;5;52m▄[48;5;52;38;5;52m▄[48;5;52;38;5;52m▄[48;5;52;38;5;88m▄[48;5;88;38;5;88m▄[48;5;88m██[48;5;88m▄[48;5;52;38;5;88m▄[48;5;52;38;5;52m▄[48;5;52;38;5;52m▄[48;5;88;38;5;52m▄[38;5;88m███[48;5;88m▄[48;5;52;38;5;88m▄[48;5;232;38;5;52m▄[48;5;16;38;5;232m▄[49;38;5;16m▄[39m         [00m
         [38;5;16m▄[48;5;16;38;5;232m▄[48;5;232;38;5;52m▄[48;5;52;38;5;88m▄[48;5;88;38;5;88m▄[48;5;88m███[38;5;52m▄[48;5;52;38;5;52m▄[48;5;52;38;5;52m▄[48;5;52;38;5;88m▄[48;5;88;38;5;88m▄[48;5;88m██████[48;5;88m▄[48;5;52;38;5;88m▄[48;5;52;38;5;52m▄[48;5;52;38;5;52m▄[48;5;88;38;5;52m▄[38;5;88m███[48;5;88m▄[48;5;52;38;5;88m▄[48;5;232;38;5;52m▄[48;5;16;38;5;232m▄[49;38;5;16m▄[39m       [00m
       [38;5;16m▄[48;5;16;38;5;232m▄[48;5;232;38;5;52m▄[48;5;52;38;5;88m▄[48;5;88;38;5;88m▄[48;5;88m███[38;5;52m▄[48;5;52;38;5;52m▄[48;5;52;38;5;52m▄[48;5;52;38;5;88m▄[48;5;88;38;5;88m▄[48;5;88m███[38;5;52m▄[48;5;52;38;5;52m▄[48;5;52m▄[48;5;88;38;5;52m▄[38;5;88m███[48;5;88m▄[48;5;52;38;5;88m▄[48;5;52;38;5;52m▄[48;5;52;38;5;52m▄[48;5;88;38;5;52m▄[38;5;88m███[48;5;88m▄[48;5;52;38;5;88m▄[48;5;232;38;5;52m▄[48;5;16;38;5;232m▄[49;38;5;16m▄[39m     [00m
     [38;5;16m▄[48;5;16;38;5;232m▄[48;5;232;38;5;52m▄[48;5;52;38;5;88m▄[48;5;88;38;5;88m▄[48;5;88m███[38;5;52m▄[48;5;52;38;5;52m▄[48;5;52;38;5;52m▄[48;5;52;38;5;88m▄[48;5;88;38;5;88m▄[48;5;88m███[38;5;52m▄[48;5;52;38;5;52m▄[48;5;52;38;5;52m▄[48;5;52;38;5;88m▄▄[48;5;52;38;5;52m▄[48;5;52;38;5;52m▄[48;5;88;38;5;52m▄[38;5;88m███[48;5;88m▄[48;5;52;38;5;88m▄[48;5;52;38;5;52m▄[48;5;52;38;5;52m▄[48;5;88;38;5;52m▄[38;5;88m███[48;5;88m▄[48;5;52;38;5;88m▄[48;5;232;38;5;52m▄[48;5;16;38;5;232m▄[49;38;5;16m▄[39m   [00m
   [38;5;16m▄[48;5;16;38;5;232m▄[48;5;232;38;5;52m▄[48;5;52;38;5;88m▄[48;5;88;38;5;88m▄[48;5;88m███[38;5;52m▄[48;5;52;38;5;52m▄[48;5;52;38;5;52m▄[48;5;52;38;5;88m▄[48;5;88;38;5;88m▄[48;5;88m███[38;5;52m▄[48;5;52;38;5;52m▄[48;5;52;38;5;52m▄[48;5;52;38;5;88m▄[48;5;88;38;5;88m▄[48;5;88m██[48;5;88m▄[48;5;52;38;5;88m▄[48;5;52;38;5;52m▄[48;5;52;38;5;52m▄[48;5;88;38;5;52m▄[38;5;88m███[48;5;88m▄[48;5;52;38;5;88m▄[48;5;52;38;5;52m▄[48;5;52;38;5;52m▄[48;5;88;38;5;52m▄[38;5;88m███[48;5;88m▄[48;5;52;38;5;88m▄[48;5;232;38;5;52m▄[48;5;16;38;5;232m▄[49;38;5;16m▄[39m [00m
  [48;5;16;38;5;16m▄[48;5;232;38;5;232m▄[48;5;52;38;5;52m▄[48;5;88;38;5;88m█[48;5;88;38;5;88m███[38;5;52m▄[48;5;52;38;5;52m▄[48;5;52;38;5;52m▄[48;5;52;38;5;88m▄[48;5;88;38;5;88m▄[48;5;88m███[38;5;52m▄[48;5;52;38;5;52m▄[48;5;52;38;5;52m▄[48;5;52;38;5;88m▄[48;5;88;38;5;88m▄[48;5;88m██████[48;5;88m▄[48;5;52;38;5;88m▄[48;5;52;38;5;52m▄[48;5;52;38;5;52m▄[48;5;88;38;5;52m▄[38;5;88m███[48;5;88m▄[48;5;52;38;5;88m▄[48;5;52;38;5;52m▄[48;5;52;38;5;52m▄[48;5;88;38;5;52m▄[38;5;88m███[48;5;88;38;5;88m█[48;5;52;38;5;52m▄[48;5;232;38;5;232m▄[48;5;16;38;5;16m▄[49;39m[00m
   [38;5;16m▀[48;5;232m▄[48;5;52;38;5;232m▄[48;5;88;38;5;52m▄[48;5;88;38;5;52m▄[48;5;52;38;5;52m▄[48;5;52;38;5;52m▄[48;5;52;38;5;88m▄[48;5;88;38;5;88m▄[48;5;88m███[38;5;52m▄[48;5;52;38;5;52m▄[48;5;52;38;5;52m▄[48;5;52;38;5;88m▄[48;5;88;38;5;88m▄[48;5;88m███[38;5;52m▄[48;5;52;38;5;52m▄[48;5;52m▄[48;5;88;38;5;52m▄[38;5;88m███[48;5;88m▄[48;5;52;38;5;88m▄[48;5;52;38;5;52m▄[48;5;52;38;5;52m▄[48;5;88;38;5;52m▄[38;5;88m███[48;5;88m▄[48;5;52;38;5;88m▄[48;5;52;38;5;52m▄[48;5;52;38;5;52m▄[48;5;88;38;5;52m▄[48;5;88;38;5;52m▄[48;5;52;38;5;232m▄[48;5;232;38;5;16m▄[49m▀[39m [00m
     [38;5;16m▀[48;5;232;38;5;16m▄[48;5;52;38;5;232m▄[48;5;52;38;5;52m▄[48;5;88;38;5;88m▄[48;5;88;38;5;88m███[38;5;52m▄[48;5;52;38;5;52m▄[48;5;52;38;5;52m▄[48;5;52;38;5;88m▄[48;5;88;38;5;88m▄[48;5;88m███[38;5;52m▄[48;5;52;38;5;52m▄[48;5;52;38;5;52m▄[48;5;52;38;5;88m▄▄[48;5;52;38;5;52m▄[48;5;52;38;5;52m▄[48;5;88;38;5;52m▄[38;5;88m███[48;5;88m▄[48;5;52;38;5;88m▄[48;5;52;38;5;52m▄[48;5;52;38;5;52m▄[48;5;88;38;5;52m▄[38;5;88m███[48;5;88;38;5;88m▄[48;5;52;38;5;52m▄[48;5;52;38;5;232m▄[48;5;232;38;5;16m▄[49;38;5;16m▀[39m   [00m
       [38;5;16m▀[48;5;232m▄[48;5;52;38;5;232m▄[48;5;88;38;5;52m▄[48;5;88;38;5;52m▄[48;5;52;38;5;52m▄[48;5;52;38;5;52m▄[48;5;52;38;5;88m▄[48;5;88;38;5;88m▄[48;5;88m███[38;5;52m▄[48;5;52;38;5;52m▄[48;5;52;38;5;52m▄[48;5;52;38;5;88m▄[48;5;88;38;5;88m▄[48;5;88m██[48;5;88m▄[48;5;52;38;5;88m▄[48;5;52;38;5;52m▄[48;5;52;38;5;52m▄[48;5;88;38;5;52m▄[38;5;88m███[48;5;88m▄[48;5;52;38;5;88m▄[48;5;52;38;5;52m▄[48;5;52;38;5;52m▄[48;5;88;38;5;52m▄[48;5;88;38;5;52m▄[48;5;52;38;5;232m▄[48;5;232;38;5;16m▄[49m▀[39m     [00m
         [38;5;16m▀[48;5;232;38;5;16m▄[48;5;52;38;5;232m▄[48;5;52;38;5;52m▄[48;5;88;38;5;88m▄[48;5;88;38;5;88m███[38;5;52m▄[48;5;52;38;5;52m▄[48;5;52;38;5;52m▄[48;5;52;38;5;88m▄[48;5;88;38;5;88m▄[48;5;88m██████[48;5;88m▄[48;5;52;38;5;88m▄[48;5;52;38;5;52m▄[48;5;52;38;5;52m▄[48;5;88;38;5;52m▄[38;5;88m███[48;5;88;38;5;88m▄[48;5;52;38;5;52m▄[48;5;52;38;5;232m▄[48;5;232;38;5;16m▄[49;38;5;16m▀[39m       [00m
           [38;5;16m▀[48;5;232m▄[48;5;52;38;5;232m▄[48;5;88;38;5;52m▄[48;5;88;38;5;52m▄[48;5;52;38;5;52m▄[48;5;52;38;5;52m▄[48;5;52;38;5;88m▄[48;5;88;38;5;88m▄[48;5;88m██████████[48;5;88m▄[48;5;52;38;5;88m▄[48;5;52;38;5;52m▄[48;5;52;38;5;52m▄[48;5;88;38;5;52m▄[48;5;88;38;5;52m▄[48;5;52;38;5;232m▄[48;5;232;38;5;16m▄[49m▀[39m         [00m
             [38;5;16m▀[48;5;232;38;5;16m▄[48;5;52;38;5;232m▄[48;5;52;38;5;52m▄[48;5;88;38;5;88m▄[48;5;88;38;5;88m██████████████[48;5;88;38;5;88m▄[48;5;52;38;5;52m▄[48;5;52;38;5;232m▄[48;5;232;38;5;16m▄[49;38;5;16m▀[39m           [00m
               [38;5;16m▀[48;5;232m▄[48;5;52;38;5;232m▄[48;5;88;38;5;52m▄[48;5;88;38;5;88m▄[38;5;88m██████████[38;5;88m▄[48;5;88;38;5;52m▄[48;5;52;38;5;232m▄[48;5;232;38;5;16m▄[49m▀[39m             [00m
                 [38;5;16m▀[48;5;232m▄[48;5;52;38;5;232m▄[48;5;88;38;5;52m▄[48;5;88;38;5;88m▄[38;5;88m██████[38;5;88m▄[48;5;88;38;5;52m▄[48;5;52;38;5;232m▄[48;5;232;38;5;16m▄[49m▀[39m               [00m
                   [38;5;16m▀[48;5;232m▄[48;5;52;38;5;232m▄[48;5;88;38;5;52m▄[48;5;88;38;5;88m▄[38;5;88m██[38;5;88m▄[48;5;88;38;5;52m▄[48;5;52;38;5;232m▄[48;5;232;38;5;16m▄[49m▀[39m                 [00m
                     [38;5;16m▀[48;5;232m▄[48;5;52;38;5;232m▄[48;5;88;38;5;52m▄▄[48;5;52;38;5;232m▄[48;5;232;38;5;16m▄[49m▀[39m                   [00m
                       [38;5;16m▀[48;5;232m▄▄[49m▀[39m                     [00m
